7 6
20 15 10 15 25 20 15
15 25 10 20 15 20
8 9
10 20 20 10 20 10 20 10
20 10 20 10 10 20 10 10 20
100 100
1 2 3 4 5 6 5 4 8 5 4 5 4 5 8 6 5 4 8 4 5 6 8 5 1 2 3 1 5 1 4 5 6 5 8 5 2 1 4 5 5 6 4 5 6 5 8 5 4 5 1 2 3 4 5 6 5 4 8 5 4 5 4 5 8 6 5 4 8 4 5 6 8 5 1 2 3 1 5 1 4 5 6 5 8 5 2 1 4 5 5 6 4 5 6 5 8 5 4 5 
1 1 1 1 1 1 1 1 1 1 1 1 1 1 1 1 1 1 1 1 1 1 1 1 1 1 1 1 1 1 1 1 1 1 1 1 1 1 1 1 1 1 1 1 1 1 1 1 1 1 1 1 1 1 1 1 1 1 1 1 1 1 1 1 1 1 1 1 1 1 1 1 1 1 1 1 1 1 1 1 1 1 1 1 1 1 1 1 1 1 1 1 1 1 1 1 1 1 1 1
10 0
10 20 30 40 50 60 70 80 90 100

0 1
 
50
1 1
50
40
4 4
10 30 40 50
50 40 10 40
1 1
100
100
1 1
100
90
2 1
1 20
3
2 2
2 2
2 1
0 0
