12
12
2
222222222222222222222222
625
25
1234
5678
999999999999999999999999999999999999999999999999999999999999999999999999999999999999999999999999999999999999999999999999999999999999999999999999999999999999999999999999999999999999999999999999999999999999999999999999999999999999999999999999999999999
999999999999999999999999999999999999999999999999999999999999999999999999999999999999999999999999999999999999999999999999999999999999999999999999999999999999999999999999999999999999999999999999999999999999999999999999999999999999999999999999999999999
000000000000000000000000000000000000000000000000000 
000000000000000000000000000000000000000000000000000
0000000000000000000000000000000000000000000000000 
4566515645624562456254625462542642434323432343341
284339888 9091
9091 284339888
0 
2222222222222222222222222222222222222222222222222222222222222222222222222222222222222222222222222222222222222222222 
2 
9999999999999999999999999999999999999999999999999999999999999999999999999999999999999999999999999999999999999999999 
9239538994338789151251557336598603050049616822294053424980870425131464466182353830814916071789845042370142421852990439213459450627013510493542232079586565952646636598169299756958773885685805728065441653009173744078838973219505500897158270221204367245
9896336400014021081112872660026786571823539120528457013481728314902092185310581449120208631014862091874106743950514845492688570616578189552019550880999626199354705816824577956144319588556564026758407650715151019940083959555421056787710369504463191742
9999999999999999999999999999999999999999999999999999999999999999999999999999999999999999999999999999999999999999999999999999999999999999999999999999999999999999999999999999999999999999999999999999999999999999999999999999999999999999999999999999999999
99999999999999999999999999999999999999999999999999999999999999999999999999999999999999999999999999999999999999999999999999999999999
