724
422
4
363
906
142
184
98
272
796
347
159
786
657
759
823
633
501
75
66
262
314
391
343
996
660
59
492
157
720
272
520
323
247
839
736
765
989
573
555
490
680
804
755
150
898
910
526
34
535
88
520
575
679
528
857
84
247
69
800
18
339
362
796
961
885
626
395
303
331
265
333
516
135
492
486
811
367
564
98
757
621
16
997
828
762
410
751
152
347
447
909
998
326
973
341
474
584
297
765
220
506
961
672
97
970
257
295
145
298
44
658
554
436
429
377
770
238
253
407
849
301
981
563
380
493
796
130
185
546
216
968
524
522
122
929
900
858
898
684
794
168
372
410
461
410
379
374
367
303
9
59
200
781
582
869
88
687
609
375
512
615
233
157
291
64
671
687
784
808
800
300
595
391
609
264
481
602
434
359
807
998
986
767
209
119
780
446
942
863
893
77
769
711
939
199
656
992
129
409
804
641
586
724
807
666
656
999
607
841
420
586
163
890
72
595
122
699
874
39
705
658
573
391
816
26
444
163
57
469
100
871
171
213
810
796
231
475
391
879
731
154
809
340
858
349
638
805
871
797
859
976
336
447
43
871
915
357
298
338
988
467
272
163
193
710
198
524
586
234
285
736
874
484
129
912
901
574
35
278
906
287
215
271
447
211
224
382
713
449
11
323
956
691
630
48
154
888
921
948
812
367
433
107
210
312
782
801
826
210
516
374
112
752
795
943
352
459
758
71
268
43
458
236
813
890
213
179
622
517
640
623
870
531
145
645
978
197
205
362
226
108
872
666
712
719
413
357
74
285
748
882
43
844
626
640
527
605
863
956
703
66
208
614
618
689
7
583
649
491
424
884
193
662
946
350
791
321
159
640
637
280
192
230
276
169
314
89
826
374
96
378
501
432
462
522
158
612
501
428
568
231
553
799
823
664
1
452
357
124
270
31
405
134
985
833
464
379
835
650
839
808
585
547
984
34
81
552
243
607
224
620
815
385
692
918
946
886
117
169
287
228
489
992
346
86
163
337
559
266
829
868
363
936
937
999
606
641
81
609
544
613
90
818
288
720
838
680
553
172
974
174
787
660
406
874
67
908
937
338
369
557
576
104
610
620
830
657
493
784
949
115
748
6
414
951
326
469
836
388
162
922
528
360
894
836
893
616
787
964
204
618
189
549
396
944
883
758
992
223
282
364
310
534
210
849
582
812
956
108
956
367
194
249
995
739
773
136
741
480
924
928
798
551
812
925
141
745
903
432
843
460
215
175
404
117
615
388
203
987
697
831
34
406
346
541
929
854
359
367
946
408
675
582
961
714
840
404
96
475
120
791
33
162
484
734
553
316
582
877
605
753
939
162
954
814
652
130
617
670
25
211
830
489
735
281
946
623
176
3
986
497
669
658
493
553
836
297
769
988
419
117
446
863
266
212
82
751
975
908
181
202
429
712
591
505
620
649
16
418
811
842
862
167
434
710
540
842
67
76
161
723
816
638
708
522
57
943
966
677
826
587
147
705
392
223
614
536
328
810
680
460
666
93
912
501
220
510
415
999
280
405
399
523
160
739
963
819
762
99
344
287
445
710
518
707
296
605
269
234
15
73
299
245
535
619
361
787
453
620
344
554
647
807
207
834
216
125
257
997
680
585
341
935
268
443
768
408
13
908
334
871
555
714
747
738
876
440
376
970
746
252
540
893
857
840
949
232
927
455
372
175
282
390
437
176
233
409
453
246
585
848
23
288
798
777
979
235
235
129
113
93
991
411
751
243
349
977
998
490
318
422
626
592
200
43
560
919
449
566
82
593
683
289
184
248
606
757
543
885
292
721
933
522
580
778
354
564
18
468
297
661
174
952
108
248
983
10
457
279
879
836
881
578
22
530
219
834
222
652
779
586
348
582
706
988
661
972
871
170
378
455
198
864
594
301
741
819
239
597
47
61
457
735
479
991
393
685
152
590
996
977
380
78
723
40
956
563
144
541
170
612
208
158
905
674
178
929
128
197
516
956
317
307
796
304
339
523
48
804
564
874
840
962
535
931
788
265
430
70
739
558
412
807
149
8
554
168
633
971
266
917
592
557
407
369
465
629
301
250
395
317
97
310
648
492
387
892
809
540
821
813
320
227
759
433
179
86
833
195
897
252
742
234
515
998
741
849
782
332
138
666
73
301
106
182
703
742
332
12
220
840
511
484
210
25
754
561
623
764
906
440
898
443
390
478
925
910
424
609
384
182
20
179
370
847
856
439
378
773
140
713
268
802
119
710
149
118
714
102
