6
7
13
1001623674
1582488613
1926483365
1239651481
1768532277
396306109
221780637
2140253553
1149219911
1488166872
658509251
345139302
1763529135
742214175
553797897
1318707423
634175531
1687493569
722919721
1103015516
301499596
663661361
1626415066
659861981
598226827
1380686855
51551911
1589708064
646537236
1542999927
515758224
749391376
607895885
731536899
139659505
799995864
424795762
861419507
573763884
391392393
574988454
372397845
628883760
1155777219
1343910462
1499957840
1551581689
506555715
225653928
948120158
1259057394
1083487044
586408267
747866662
1030369536
221596388
275993578
805340355
365008453
1686581105
630292673
2019226267
23866683
878145182
434679872
1312855610
868258149
1595504335
1107243278
1157119022
1632705642
1184487370
980245844
152803115
13574192
2003413953
604034337
1643679354
962772753
474014372
2141395872
1160198278
163403879
839363319
945713879
1362200904
1332363002
1156762426
1011034129
1180337350
334163547
1974248378
1696314678
823440428
1358767448
979194742
621741911
1913001983
350988952
892750328
0
